0 0.8560606046875 0.09120329687499999 0.8212121203124999 0.10444248593750001 0.8257575750000001 0.1382759609375 0.8386363625 0.14416004843750002 0.8621212125 0.1603412765625 0.9098484843750001 0.170638421875 0.9439393953125 0.18681965 0.9825757578125 0.14416004843750002 0.9818181828125001 0.11621065 0.9946969703124999 0.1059135046875 0.9946969703124999 0.052956753125 0.975757575 0.042659606249999996 0.9553030296875 0.0706090046875 0.960606059375 0.09120329687499999 0.9272727281250001 0.089732271875 0.8946969703125 0.0867902328125 0.8560606046875 0.09120329687499999
0 0.696969696875 0.40747278593749997 0.7075757578124999 0.41776993281249997 0.723484846875 0.42365401406250003 0.7424242421875 0.42365401406250003 0.749242425 0.42365401406250003 0.752272728125 0.401588703125 0.7446969703125 0.3986466609375 0.7363636375 0.3809944078125 0.7174242421875 0.3604001171875 0.690151515625 0.3706972625 0.6871212124999999 0.3824654328125 0.689393940625 0.395704621875 0.696969696875 0.40747278593749997
0 0.740909090625 0.2294792578125 0.7295454546875 0.25154457343750003 0.728030303125 0.2603706984375 0.7439393953125 0.2736098828125 0.759848484375 0.2633127375 0.773484846875 0.2559576359375 0.7825757578125 0.23977640312499998 0.7651515156250001 0.22800823750000002 0.740909090625 0.2294792578125
0 0.610606059375 0.3662841984375 0.5931818171875001 0.3706972625 0.572727271875 0.3604001171875 0.5553030296875 0.3795233890625 0.5553030296875 0.401588703125 0.5689393953125 0.41776993281249997 0.5931818171875001 0.4162989125 0.6287878796874999 0.395704621875 0.623484846875 0.3868784953125 0.610606059375 0.3662841984375
0 0.6083333328125 0.513386290625 0.5924242421875 0.4883789375 0.5795454546875 0.49426301875 0.5545454546874999 0.510444246875 0.547727271875 0.5192703734374999 0.5628787875000001 0.5369226265625 0.5848484843749999 0.548690790625 0.610606059375 0.5369226265625 0.6196969703125 0.5177993546875 0.6083333328125 0.513386290625
0 0.47348484687500003 0.8193586359375 0.474242425 0.832597825 0.476515153125 0.8340688453125 0.465909090625 0.8664313015625 0.474242425 0.8884966171875 0.48712121249999996 0.8987937625000001 0.5333333328125 0.9223300968749999 0.5568181828125 0.9135039703125001 0.5613636375 0.882612534375 0.5674242421875 0.8531921171875 0.5628787875000001 0.82524271875 0.550757575 0.8061194468749999 0.526515153125 0.7914092375 0.5053030296875 0.7840541359375 0.4818181828125 0.79435128125 0.47348484687500003 0.8193586359375
0 0.4568181828125 0.625183878125 0.43484848437499996 0.6090026453124999 0.4166666671875 0.64136510625 0.4136363625 0.6604883781249999 0.42272727187500003 0.6854957328125 0.4174242421875 0.701676965625 0.414393940625 0.7281553390625 0.43863636250000004 0.7458075921875 0.4681818171875 0.7428655484375 0.5166666671875 0.7075610484375 0.546969696875 0.6810826703124999 0.546969696875 0.6619593984375001 0.5356060593749999 0.6472491890625001 0.5189393953125 0.6487202140624999 0.5 0.654604296875 0.4916666671875 0.64430715 0.4696969703125 0.63695204375 0.4568181828125 0.625183878125
0 0.472727271875 0.46631362187500003 0.447727271875 0.46778464062499997 0.43787878750000003 0.48249485 0.4454545453125 0.4986760828125 0.45227272812499997 0.504560165625 0.47121212031250004 0.526625475 0.4810606046875 0.52515445625 0.5075757578125 0.506031184375 0.509090909375 0.48249485 0.49318181718750004 0.463371578125 0.472727271875 0.46631362187500003
0 0.3166666671875 0.5736981453125 0.326515153125 0.583995290625 0.349242425 0.5942924374999999 0.3878787875 0.563401 0.396969696875 0.545748746875 0.396969696875 0.526625475 0.390909090625 0.52515445625 0.375 0.5310385390625 0.360606059375 0.5236834375 0.3621212125 0.508973228125 0.350757575 0.5030891453125 0.3204545453125 0.5148573109375 0.3174242421875 0.5192703734374999 0.2863636375 0.5354516015625 0.3053030296875 0.5339805828124999 0.3166666671875 0.5736981453125
0 0.359090909375 0.4339511609375 0.3378787875 0.45307443281250004 0.339393940625 0.46631362187500003 0.347727271875 0.4810238296875 0.372727271875 0.46631362187500003 0.3962121203125 0.45013239374999997 0.409090909375 0.42365401406250003 0.384848484375 0.4251250390625 0.359090909375 0.4339511609375
0 0.476515153125 0.18681965 0.460606059375 0.2000588390625 0.46666666718750005 0.20447190312500002 0.49015151562500003 0.20888496562499997 0.5053030296875 0.2177110921875 0.5318181828124999 0.20447190312500002 0.5568181828125 0.2030008828125 0.5325757578125 0.1750514859375 0.48484848437499994 0.1838776109375 0.476515153125 0.18681965
0 0.38257575781250003 0.2956751984375 0.3795454546875 0.2794939703125 0.374242425 0.26772580156250003 0.359848484375 0.2633127375 0.33484848437500003 0.26772580156250003 0.326515153125 0.2721388640625 0.323484846875 0.282436009375 0.32954545468749996 0.30155928125 0.3416666671875 0.3133274515625 0.3560606046875 0.3133274515625 0.373484846875 0.3103854078125 0.38257575781250003 0.2956751984375
0 0.325 0.3486319515625 0.353030303125 0.3471609328125 0.36969697031250004 0.3471609328125 0.36893939531250003 0.3309796984375 0.359090909375 0.317740509375 0.3553030296875 0.317740509375 0.34318181718749996 0.3103854078125 0.328030303125 0.32803766093750003 0.325 0.3486319515625
0 0.1863636375 0.41335686875000005 0.23181818281250002 0.4148278890625 0.2621212125 0.40894380625000004 0.2803030296875 0.39276257812500004 0.28409090937500003 0.3854074703125 0.2833333328125 0.3692262421875 0.274242425 0.3604001171875 0.2462121203125 0.339805825 0.214393940625 0.339805825 0.160606059375 0.351573990625 0.121969696875 0.37511032499999997 0.090909090625 0.4148278890625 0.1060606046875 0.4427772859375 0.13333333281249998 0.44719034999999996 0.1795454546875 0.42365401406250003 0.1825757578125 0.4221829953125 0.1863636375 0.41335686875000005
0 0.1113636375 0.323624596875 0.12272727187500002 0.32803766093750003 0.1424242421875 0.319211534375 0.1696969703125 0.3118564265625 0.184090909375 0.2927331546875 0.1583333328125 0.2897911171875 0.1060606046875 0.317740509375 0.1113636375 0.323624596875
0 0.2378787875 0.23389232031249999 0.271969696875 0.24271844687500002 0.2878787875 0.2368343640625 0.3075757578125 0.22359517499999998 0.3037878796875 0.20888496562499997 0.2689393953125 0.2015298640625 0.2378787875 0.2191821109375 0.23181818281250002 0.22800823750000002 0.2378787875 0.23389232031249999
0 0.1946969703125 0.29714621874999997 0.22651515312499998 0.2912621359375 0.24242424218749997 0.2794939703125 0.2545454546875 0.2574286546875 0.227272728125 0.2530155921875 0.2166666671875 0.25154457343750003 0.1871212125 0.2736098828125 0.1946969703125 0.29714621874999997