0 0.3308384875 0.7039445109375 0.32432915156250003 0.70828605 0.31651791875 0.723915546875 0.32432915156250003 0.7569112625 0.3314894109375 0.76385775 0.37119635 0.771672465625 0.410252365625 0.76385775 0.4558177171875 0.7586478515625 0.5033358890625 0.75343801875 0.5339297468749999 0.726520496875 0.5183073312500001 0.6900516015625 0.486411625 0.67355374375 0.4297803734375 0.6761586281249999 0.3562249078125 0.6935247796875 0.3308384875 0.7039445109375
0 0.38486594531249996 0.61971863125 0.3946299484375 0.63361160625 0.42001636875 0.6344799015625 0.449959303125 0.6344799015625 0.47534572343750003 0.6171137156250001 0.4766476203125 0.600615890625 0.4571196140625 0.591932815625 0.42415363125 0.5926649312500001 0.40634677343750003 0.596274353125 0.3920262546875 0.604957428125 0.38551691875 0.6084306390625 0.38486594531249996 0.61971863125
0 0.6341735796875 0.648372809375 0.623758603125 0.6310066578125 0.5905609484375 0.6171137156250001 0.5515049828125 0.61971863125 0.5274204109375 0.6344799015625 0.5202601515625 0.6448995671875 0.5267694875 0.66226571875 0.5593161671875 0.6709487937499999 0.626362296875 0.66747555 0.6341735796875 0.648372809375
0 0.5163545593750001 0.5563321828125 0.505288659375 0.5736983343750001 0.5267694875 0.5901962593750001 0.571683915625 0.5797764953125 0.586004434375 0.56848856875 0.5853535609375 0.55459559375 0.5429687359375001 0.5503472234375 0.5163545593750001 0.5563321828125
0 0.40113928593750003 0.4972872703125 0.38486594531249996 0.5103118859375 0.39137528125 0.5198632890625 0.4226201140625 0.5233365 0.4597233078125 0.51204850625 0.4512612015625 0.493814059375 0.4148089296875 0.493814059375 0.40113928593750003 0.4972872703125
0 0.11212478749999999 0.66921220625 0.147926134375 0.6535826421875 0.1570391890625 0.6396897328125 0.138813053125 0.6231918765625 0.11863412343749999 0.6171137156250001 0.082832775 0.6188503375 0.0535407640625 0.6231918765625 0.0099283703125 0.6404079874999999 0.009277285937500001 0.7004712671875 0.043776759375 0.698734678125 0.08543651875 0.694393140625 0.11212478749999999 0.66921220625
0 0.652399640625 0.5085752625 0.692106628125 0.48947252187499996 0.6914556546874999 0.47557958125 0.683644471875 0.4651598828125 0.6530506140625 0.457345134375 0.6056314953124999 0.4592013890625 0.57558955625 0.4642915890625 0.5489012390625 0.479052825 0.545646571875 0.49207743906249996 0.5938156171875 0.5085752625 0.652399640625 0.5085752625
0 0.683644471875 0.5155217515625 0.6816916515625 0.530282953125 0.7181439734375 0.542439340625 0.766963990625 0.5337561984375 0.7721714796875 0.517258340625 0.753294346875 0.501628809375 0.7228189953124999 0.49717882031249994 0.683644471875 0.5155217515625
0 0.219528853125 0.517258340625 0.1700578609375 0.5207315828125 0.138813053125 0.53115128125 0.133605590625 0.553727265625 0.1615957546875 0.5563321828125 0.1915386890625 0.55459559375 0.21692510937499998 0.54764910625 0.22994378124999998 0.5372294421875 0.219528853125 0.517258340625
0 0.1804728375 0.5780398718749999 0.170708834375 0.56327866875 0.144671465625 0.5641470296875 0.10677081875000001 0.5753038203124999 0.0938986515625 0.585854721875 0.08738931562499999 0.594537796875 0.099106115625 0.600615890625 0.12904905 0.600615890625 0.163548525 0.5901962593750001 0.1804728375 0.5780398718749999
0 0.5153652531249999 0.4486566140625 0.5589435375 0.44097895937500003 0.5482544984375 0.428365653125 0.5166529515625 0.42639802812500005 0.49686503593750003 0.43275288749999996 0.49110940468750003 0.4426241703125 0.5153652531249999 0.4486566140625
0 0.32871860625 0.42891405000000005 0.2905016359375 0.4346217109375 0.28185138125 0.4426241703125 0.28596254062500004 0.4492050328125 0.3077516984375 0.44810821875 0.32871860625 0.4442693796875 0.342696553125 0.4387853328125 0.346396571875 0.4305592609375 0.32871860625 0.42891405000000005
0 0.279384675 0.4645603625 0.2666400875 0.4601731296875 0.24608429062499998 0.460721525 0.223884021875 0.46401196562499997 0.21483948281249998 0.47607685625 0.2210062234375 0.4821093203125 0.23621750156250002 0.4826577171875 0.25636218906249997 0.47717366875 0.2740401703125 0.47498006249999997 0.279384675 0.4645603625
0 0.3320047546875 0.3783958265625 0.327665196875 0.3847634078125 0.3576081484375 0.388236628125 0.38277759375 0.37608033281250003 0.3706268203125 0.37260710937499997 0.3320047546875 0.3783958265625
0 0.5120963796875 0.38302679687499996 0.4954426984375 0.3878761578125 0.48996464531250006 0.392867621875 0.48996464531250006 0.39865633906250003 0.5060210265625 0.4003929484375 0.5251150515624999 0.39691970625 0.534662096875 0.389394378125 0.5290206609375 0.3836056609375 0.5120963796875 0.38302679687499996
0 0.4626254546875 0.3268762328125 0.4851911390625 0.320508653125 0.40404143125 0.32108751562500004 0.4001358234375 0.3332438140625 0.40707910781249995 0.3344015609375 0.3975320953125 0.3384536671875 0.3988339421875 0.33903253125 0.414890325 0.34655788125 0.3875511 0.345978996875 0.36802309218749996 0.3482944921875 0.36197915625 0.3459201390625 0.3415518 0.3482944921875 0.3415518 0.3581353171875 0.35023091562499997 0.3621874015625 0.3662872640625 0.361029675 0.3767022078125 0.361029675 0.3862492203125 0.365081759375 0.3975320953125 0.3697127515625 0.41749405156249997 0.369133865625 0.44743700468750003 0.3563986828125 0.4426634640625 0.3517677140625 0.432248553125 0.3494522390625 0.445267225 0.342505775 0.46436125156249997 0.340190278125 0.4383239078125 0.33266494999999996 0.44787095312499997 0.3262973703125 0.4626254546875 0.3268762328125