0 0.322265625 0.1654411765625 0.30859375 0.1654411765625 0.31640625 0.168382353125 0.322265625 0.1654411765625
0 0.318359375 0.13014705937499998 0.322265625 0.12426470625 0.30615234375 0.1235294125 0.310546875 0.131617646875 0.3056640625 0.1477941171875 0.318359375 0.156617646875 0.3212890625 0.1477941171875 0.318359375 0.13014705937499998
0 0.45654296875 0.7735294125000001 0.43115234375 0.780882353125 0.41748046875 0.794117646875 0.3916015625 0.8389705875000001 0.3896484375 0.8669117640625 0.3974609375 0.894852940625 0.40576171875 0.9073529406249999 0.41455078125 0.9102941171875001 0.4267578125 0.9389705875000001 0.44091796875 0.957352940625 0.45556640625 0.9602941171875001 0.46240234375 0.9764705875 0.47314453125 0.9691176468749999 0.48681640625 0.982352940625 0.49853515625 0.9794117640625 0.50634765625 0.9955882359375 0.5244140625 0.9963235296875 0.53173828125 0.9926470593750001 0.55419921875 0.957352940625 0.58447265625 0.95 0.599609375 0.9169117640625 0.6142578125 0.9022058828124999 0.6181640625 0.8610294125 0.6123046875 0.84926470625 0.6201171875 0.8375 0.623046875 0.8213235296875 0.609375 0.7963235296875 0.603515625 0.77426470625 0.59033203125 0.76323529375 0.53369140625 0.7397058828125 0.48681640625 0.7426470593750001 0.46728515625 0.7529411765625 0.45654296875 0.7735294125000001
0 0.54443359375 0.6735294125 0.55419921875 0.66323529375 0.572265625 0.656617646875 0.5732421875 0.6477941171875 0.55810546875 0.6029411765625 0.53369140625 0.5897058828125 0.51611328125 0.5897058828125 0.46533203125 0.6058823531249999 0.458984375 0.6125 0.4560546875 0.6345588234374999 0.4599609375 0.6419117640625001 0.4599609375 0.656617646875 0.46728515625 0.667647059375 0.47802734375 0.675 0.5263671875 0.6757352937500001 0.54443359375 0.6735294125
0 0.5029296875 0.4904411765625 0.50830078125 0.5073529406249999 0.5751953125 0.5154411765625 0.60009765625 0.5 0.6083984375 0.48455882343749995 0.58642578125 0.47205882343749994 0.56494140625 0.4764705875 0.53564453125 0.4735294125 0.51123046875 0.480882353125 0.5029296875 0.4904411765625
0 0.763671875 0.5977941171875 0.7724609375 0.5919117640625 0.7724609375 0.5772058828125 0.75244140625 0.5544117640625 0.71826171875 0.55 0.6904296875 0.5551470593750001 0.69970703125 0.5852941171875 0.73095703125 0.5970588234374999 0.763671875 0.5977941171875
0 0.94287109375 0.669117646875 0.951171875 0.6713235296875 0.958984375 0.6669117640625 0.9677734375 0.6389705875 0.9658203125 0.62426470625 0.95849609375 0.6147058828125 0.90966796875 0.594117646875 0.86669921875 0.594117646875 0.85595703125 0.5985294125 0.849609375 0.6095588234375 0.85791015625 0.6294117640625 0.88916015625 0.6544117640625 0.90283203125 0.6573529406249999 0.91162109375 0.65 0.92919921875 0.6661764703124999 0.93603515625 0.667647059375 0.94091796875 0.66176470625 0.94287109375 0.669117646875
0 0.72802734375 0.3955882359375 0.70263671875 0.3955882359375 0.6904296875 0.4022058828125 0.69189453125 0.4088235296875 0.71923828125 0.4279411765625 0.7568359375 0.43455882343749996 0.77880859375 0.4264705875 0.7705078125 0.4139705875 0.77294921875 0.41176470624999995 0.80029296875 0.4205882359375 0.84375 0.418382353125 0.84130859375 0.41323529375 0.81982421875 0.40735294062499994 0.77685546875 0.3720588234375 0.74755859375 0.3647058828125 0.72705078125 0.3661764703125 0.7216796875 0.3727941171875 0.72265625 0.37867647031249996 0.74951171875 0.39852941249999996 0.76220703125 0.4014705875 0.76220703125 0.405882353125 0.72802734375 0.3955882359375
0 0.48046875 0.32573529375 0.48193359375 0.332352940625 0.509765625 0.3330882359375 0.52197265625 0.332352940625 0.525390625 0.32573529375 0.50830078125 0.32058823593749997 0.48046875 0.32573529375
0 0.61474609375 0.282352940625 0.58544921875 0.275 0.55322265625 0.27352941249999996 0.5341796875 0.2830882359375 0.54443359375 0.294117646875 0.5888671875 0.29632352968750003 0.619140625 0.28897058750000004 0.61474609375 0.282352940625
0 0.58984375 0.4080882359375 0.60791015625 0.39852941249999996 0.609375 0.3875 0.59228515625 0.3794117640625 0.55029296875 0.38088235312499996 0.52685546875 0.3838235296875 0.5126953125 0.3963235296875 0.52197265625 0.40294117656250006 0.58984375 0.4080882359375
0 0.70751953125 0.355882353125 0.7119140625 0.3477941171875 0.70068359375 0.3411764703125 0.61474609375 0.332352940625 0.6416015625 0.319852940625 0.61181640625 0.30882352968750004 0.56494140625 0.30882352968750004 0.546875 0.319852940625 0.56884765625 0.3294117640625 0.60107421875 0.330882353125 0.58203125 0.34926470625 0.58935546875 0.357352940625 0.6328125 0.3625 0.69482421875 0.3602941171875 0.70751953125 0.355882353125
0 0.44140625 0.3889705875 0.4423828125 0.3772058828125 0.43603515625 0.36323529374999997 0.40478515625 0.36323529374999997 0.384765625 0.3727941171875 0.3837890625 0.406617646875 0.39794921875 0.419117646875 0.40087890625 0.430882353125 0.4140625 0.43602941250000005 0.44775390625 0.430882353125 0.458984375 0.4169117640625 0.4580078125 0.40955882343749994 0.44140625 0.3889705875
0 0.39013671875 0.444117646875 0.37451171875 0.44264705937500004 0.359375 0.4595588234375 0.3544921875 0.49632352968750004 0.36181640625 0.5102941171875 0.38330078125 0.5323529406249999 0.400390625 0.5360294125 0.42578125 0.519852940625 0.421875 0.49191176406250003 0.4150390625 0.48455882343749995 0.40966796875 0.455882353125 0.39013671875 0.444117646875
0 0.3427734375 0.89926470625 0.32568359375 0.8970588234375001 0.30810546875 0.8867647062499999 0.29833984375 0.8897058828125 0.29296875 0.9036764703125 0.29296875 0.9301470593750001 0.31787109375 0.9514705875 0.32861328125 0.975 0.333984375 0.97426470625 0.337890625 0.9669117640625 0.3408203125 0.9330882359375 0.3466796875 0.9213235296875 0.3427734375 0.89926470625
0 0.2841796875 0.7522058828125 0.279296875 0.756617646875 0.2783203125 0.7830882359375 0.2734375 0.794852940625 0.2744140625 0.8080882359375 0.28271484375 0.8235294124999999 0.326171875 0.8272058828125 0.3388671875 0.8066176468749999 0.3544921875 0.7625 0.3505859375 0.7036764703125 0.375 0.6345588234374999 0.373046875 0.6095588234375 0.35888671875 0.5779411765625 0.33349609375 0.5911764703125 0.3232421875 0.6154411765625001 0.330078125 0.65073529375 0.3212890625 0.6757352937500001 0.3310546875 0.6860294125 0.330078125 0.7095588234375 0.31494140625 0.7220588234374999 0.30615234375 0.71176470625 0.29443359375 0.7220588234374999 0.2841796875 0.7522058828125
0 0.67529296875 0.894117646875 0.6728515625 0.8977941171875001 0.6767578125 0.89926470625 0.67529296875 0.894117646875