0 0.647813996875 0.593964928125 0.66016398125 0.6395321843749999 0.66942646875 0.6627019765625 0.69522560625 0.678253559375 0.7141951625 0.688188746875 0.731948265625 0.712903190625 0.7527888640625 0.7121308640625 0.76899821875 0.688188746875 0.7805763296875 0.650344753125 0.7388191578125001 0.5456515859375 0.7064764218749999 0.5306341640625 0.67946083125 0.5399020796875 0.6609358546874999 0.5607548921875 0.647813996875 0.593964928125
0 0.75434755625 0.3550355234375 0.7651364796875 0.362348284375 0.796783315625 0.38860738125 0.8353770171875 0.385518075 0.8562909640624999 0.397315446875 0.8955831906249999 0.38397342343749996 0.90870505 0.3530803671875 0.899957225 0.3160703015625 0.8627136500000001 0.26152770937500003 0.8651539625 0.21902320937500003 0.83191358125 0.21435270312500002 0.805495746875 0.2439353359375 0.7522654609375 0.28127025156249996 0.7200583421875 0.3160099828125 0.7292277515625 0.338089865625 0.75434755625 0.3550355234375
0 0.5960960671875 0.2797093609375 0.5814304609375001 0.30828543750000004 0.5798867125 0.334544534375 0.589921075 0.3530803671875 0.6038148078125001 0.373160853125 0.6099897999999999 0.4125494984375 0.6316022734375 0.43880859687499996 0.6393210140625001 0.460433734375 0.6624772343750001 0.463523040625 0.672511596875 0.431857659375 0.6752903453125 0.386772140625 0.6655647296875 0.34072314531250003 0.6593897375 0.2951558890625 0.6462678796875 0.268896790625 0.6277429031249999 0.24727165312500002 0.5937804453125 0.268896790625 0.5960960671875 0.2797093609375
0 0.626180996875 0.596288090625 0.6323559890625 0.5777522578125 0.63081303125 0.55921406875 0.628497409375 0.5329549703125 0.62077866875 0.5190530953125 0.6053411875 0.5051512218750001 0.5852724640625 0.5074682 0.5721506046875 0.529865665625 0.57137873125 0.55998639375 0.5775537234375 0.5870178187499999 0.586815421875 0.5993773953125 0.61923413125 0.60555600625 0.626180996875 0.596288090625
0 0.49946029999999997 0.4056891328125 0.5213038390625 0.43664422187499996 0.53402469375 0.43035380468750006 0.5345283296875001 0.4167976984375 0.5232405140624999 0.40769582812499994 0.511495784375 0.3969844453125 0.49946029999999997 0.4056891328125
0 0.4149867359375 0.349482203125 0.42242194375000003 0.3347927828125 0.41393790468749997 0.315127171875 0.394576234375 0.30313482812500003 0.3898825078125 0.327481340625 0.39326263125 0.3547183234375 0.3978629109375 0.3607030578125 0.4149867359375 0.349482203125
0 0.3136299953125 0.42018815781249996 0.305192678125 0.3853569265625 0.2926774171875 0.3669819484375 0.284186803125 0.380111496875 0.28435124843750004 0.403922490625 0.30116803281250004 0.4596611140625 0.314289890625 0.4588887875 0.3136299953125 0.42018815781249996
0 0.5389518109375 0.6920176921875 0.505761228125 0.668075575 0.48878000000000005 0.67888814375 0.49224641093750005 0.694034078125 0.4970439984375 0.7109339828125 0.52274245625 0.732178665625 0.5343205671875 0.746852865625 0.5513017953125 0.7491698453125 0.560564284375 0.7360402968749999 0.549758046875 0.7175044640625 0.5389518109375 0.6920176921875
0 0.630677221875 1 0.6193896359375 0.9814525171874999 0.5952459578125 0.9475050625 0.5816268499999999 0.945521240625 0.5698665453125 0.9398650625 0.5751054718749999 0.9634296921875001 0.59548536875 1 0.630677221875 1
0 0.3546378953125 0.45762670156249996 0.3587033890625 0.4872779578125 0.37300786406249997 0.49167605156249994 0.37974212500000004 0.47962756406249996 0.3811595890625 0.4692904875 0.3806710578125 0.4473038921875 0.36677732500000004 0.41718316250000004 0.3497960953125 0.42722340625 0.3546378953125 0.45762670156249996
0 0.33667092187500003 0.583198 0.345933409375 0.5801086953125 0.34902090625 0.5662068203125 0.34438966249999997 0.553849596875 0.34130216562500004 0.5391753968749999 0.31976200781249997 0.5255705859375001 0.31891781875 0.546126334375 0.32354906250000004 0.56543449375 0.33667092187500003 0.583198
0 0.2903586609375 0.5528358843750001 0.28903464843750004 0.5328417171875001 0.2812359765625 0.5155903796875 0.2772743421875 0.527185540625 0.278385475 0.5413197421875 0.28159944062500003 0.5475311375 0.2903586609375 0.5528358843750001
0 0.26178490625 0.5368368359375 0.2704294640625 0.522551228125 0.2737360921875 0.51292045625 0.2704392140625 0.5100339968750001 0.263433346875 0.5017869703125 0.2507043296875 0.4786181265625 0.2440641828125 0.4861176171875 0.24983372187500003 0.5046734296875 0.25519115000000003 0.5162192671875 0.2576638078125 0.5298268625 0.26178490625 0.5368368359375