0 0.0627436125 0.663421434375 0.09596081875 0.659730634375 0.12179642500000001 0.6551171328125001 0.15132283124999998 0.632049628125 0.15962713281250002 0.6062140234375 0.1448639296875 0.5896054187499999 0.120873725 0.5637698140625 0.09503811875 0.537011509375 0.0821203171875 0.52593910625 0.0525939109375 0.5185575046875 0.02860370625 0.5139440046875 0 0.5222483062500001 0.0046135015625 0.6754165375000001 0.018454003125 0.6717257359375 0.0627436125 0.663421434375
0 0.2057621421875 0.6412766296875 0.1946897390625 0.6689576359375 0.19007623906249999 0.696638640625 0.1956124390625 0.71140184375 0.202994040625 0.7197061453125 0.2232934453125 0.7141699453125 0.24636095 0.6947932406249999 0.26481495312500003 0.6800300375 0.28050085625 0.6661895343750001 0.291573259375 0.64773553125 0.2832689578125 0.633895028125 0.2851143578125 0.6126729234375 0.296186759375 0.5822238171875 0.3035683609375 0.5536201125 0.2989548609375 0.5333207078125 0.28050085625 0.52686180625 0.263892253125 0.5333207078125 0.2555879515625 0.539779609375 0.234365846875 0.568383315625 0.2251388453125 0.5932962203125001 0.21314374374999998 0.618209125 0.2057621421875 0.6412766296875
0 0.27681005625 0.44197338906250005 0.2998775609375 0.44381879062499996 0.3294039671875 0.4355144875 0.34324446875 0.4216739859375 0.3635438734375 0.40414268125 0.381997878125 0.38384327812499996 0.39214757968749997 0.3589303734375 0.40229728124999997 0.33217206718750003 0.3801524765625 0.31648616406249996 0.3663119734375 0.2971094609375 0.3598530734375 0.27035115468750004 0.34047636875 0.2712738546875 0.3192542640625 0.2860370578125 0.2888051578125 0.3035683609375 0.2888051578125 0.3460125703125 0.28050085625 0.3792297765625 0.27496465625 0.4216739859375 0.27681005625 0.44197338906250005
0 0.3801524765625 0.5056397031250001 0.4078334828125 0.4834948984375 0.4299782875 0.4392052890625 0.418905884375 0.41521508437500004 0.3949156796875 0.40691078281250004 0.370925475 0.43366908750000005 0.3616984734375 0.4558138921875 0.355239571875 0.4899538 0.3801524765625 0.5056397031250001
0 0.5646925140625 0.381997878125 0.573919515625 0.368157375 0.5794557171875 0.34693527031250004 0.5711514156249999 0.32848126718750004 0.5582336125 0.322022365625 0.5490066109375 0.326635865625 0.538856909375 0.3450898703125 0.537011509375 0.372770875 0.5526974124999999 0.382920578125 0.5646925140625 0.381997878125
0 0.3773843765625 0.58314651875 0.3764616765625 0.603445921875 0.3912248796875 0.6126729234375 0.40137458125 0.6089821234375 0.4096788828125 0.5923735203125 0.4115242828125 0.568383315625 0.3939929796875 0.5600790140624999 0.38384327812499996 0.5693060156249999 0.3773843765625 0.58314651875
0 0.542547709375 0.6440447296875 0.5526974124999999 0.629281528125 0.5637698140625 0.6108275234375 0.5711514156249999 0.58776001875 0.5600790140624999 0.58868271875 0.5490066109375 0.58776001875 0.5342434078125 0.613595625 0.5296299078125 0.6385085296875 0.5351661078125 0.64681283125 0.542547709375 0.6440447296875
0 0.572074115625 0.7160153453125 0.58683731875 0.71232454375 0.5969870203125 0.6855662390624999 0.6089821234375 0.659730634375 0.6126729234375 0.64496743125 0.613595625 0.6274361265625 0.5969870203125 0.634817728125 0.5785330171874999 0.6560398328125 0.5693060156249999 0.6772619375 0.5637698140625 0.7003294421875 0.572074115625 0.7160153453125
0 0.625 0.5478515625 0.625 0.5576171875 0.634765625 0.5634765625 0.646484375 0.5458984375 0.6455078125 0.513671875 0.634765625 0.5185546875 0.625 0.5478515625
0 0.693359375 0.4365234375 0.69921875 0.4365234375 0.70703125 0.4150390625 0.7041015625 0.404296875 0.69140625 0.4287109375 0.693359375 0.4365234375
0 0.623046875 0.0869140625 0.640625 0.1025390625 0.65234375 0.0830078125 0.646484375 0.0029296875 0.6201171875 0 0.623046875 0.0869140625