0 0.7250193546875 0.9469100640624999 0.8366579203125 0.9307774562500001 0.8800354 0.9126087609375 0.8906866765625001 0.872127965625 0.892813209375 0.8590528953125001 0.9005284828125 0.8087821234374999 0.9003799796875 0.75581736875 0.886603759375 0.7080139578125 0.8593796734374999 0.670452853125 0.8299840234375001 0.644696484375 0.7923829703124999 0.630978475 0.746273509375 0.6208943625 0.720250809375 0.6339133375 0.6942281078125 0.651271971875 0.6754339359375 0.712027190625 0.663868290625 0.7539176578125 0.65808546875 0.79731424375 0.6595311749999999 0.8479435921875 0.6710968187499999 0.8942332828125 0.710136240625 0.9409908171874999 0.7250193546875 0.9469100640624999
0 0.5771363921875 0.6595297203125 0.585957690625 0.6161213328125 0.598780525 0.5638357515625 0.5887854234375001 0.476544203125 0.56972175 0.4256744265625 0.5458203015625 0.38444126875 0.500557903125 0.3737456453125 0.4543423203125 0.38489273125 0.42331019531249997 0.4104440125 0.402425778125 0.43006002656250003 0.3655172578125 0.46029067343749996 0.32560081875 0.5030853703125 0.3141538578125 0.5698551390625 0.335200384375 0.652357640625 0.3534052734375 0.7033515171875 0.3978494453125 0.7397009640625 0.4377344953125 0.7447898453125 0.49524880781249997 0.735840234375 0.5492425765625 0.7005870578125 0.5771363921875 0.6595297203125
0 0.3415214109375 0.4407762984375 0.37115078281249997 0.42436533593750003 0.39626155625 0.40222335937500003 0.408221140625 0.3743212078125 0.41930395468750004 0.321648665625 0.40514110312499996 0.2873072390625 0.386028059375 0.25942655000000003 0.37527776562500004 0.2239534875 0.3489529609375 0.21179796562500003 0.32262378125 0.22390184687499998 0.2991630515625 0.24389015625 0.29360142968749997 0.2574616453125 0.2895504765625 0.289328021875 0.2892942984375 0.330860190625 0.29413716875 0.3606786421875 0.2923787765625 0.3936148359375 0.2951080046875 0.4219478875 0.3016588421875 0.436322571875 0.319126275 0.442097428125 0.3415214109375 0.4407762984375
0 0.70321874375 0.256731890625 0.79547445 0.2050969625 0.82294110625 0.1519720125 0.803513284375 0.11519937656250001 0.777575140625 0.08958186875 0.74110265625 0.0833614375 0.7152949937499999 0.0858140234375 0.6900043609375001 0.10287482031249999 0.6633514671875 0.15460549375 0.6389314609375 0.2038608390625 0.645641425 0.23951670468750003 0.70321874375 0.256731890625
0 0.5672827140625001 0.04974801875 0.5451978671875 0.084220340625 0.5448274640624999 0.14996097656250001 0.552319946875 0.1878868453125 0.5765899859375 0.190763540625 0.59864790625 0.1799152953125 0.6250040375 0.1441872453125 0.645303921875 0.1080575546875 0.6458973875 0.07605240156250001 0.6448856953125001 0.0474711578125 0.6277824 0.027599162500000003 0.6010710234375 0.028905703124999998 0.5840082265625 0.0345633515625 0.5672827140625001 0.04974801875
0 0.5138870859375 0.1506687203125 0.5173265703125 0.12591291875 0.521737159375 0.10420873593749999 0.52296009375 0.08998749375000001 0.5227846781250001 0.06064707968750001 0.511939990625 0.0468928859375 0.49684652968750004 0.0350294859375 0.4777964625 0.033313512499999996 0.460801175 0.0408767171875 0.444233034375 0.0605073140625 0.43046598593749996 0.08611711875 0.419315725 0.13688427187500002 0.42461464375 0.18097596093749999 0.4263073765625 0.21248050312500003 0.444089540625 0.2271473125 0.471772115625 0.2288924609375 0.48908662343750003 0.20596197031250002 0.502786228125 0.1784467796875 0.5138870859375 0.1506687203125
0 0.21168537187499997 0.30269155312499996 0.20768106875 0.316569940625 0.2027409609375 0.340881446875 0.199007428125 0.3763422171875 0.1988857421875 0.3983043609375 0.21653768593749997 0.41437318437500004 0.2362409859375 0.41219087343750005 0.24714400468750003 0.39000071406250003 0.2544688765625 0.36832762343750003 0.2563328265625 0.344783740625 0.25619696406250003 0.315543915625 0.2483849203125 0.2980531984375 0.22383423750000003 0.2902961515625 0.21168537187499997 0.30269155312499996
0 0.15852470000000002 0.6435322 0.1586698359375 0.622231675 0.1589789015625 0.6055623296875 0.15648726562499998 0.5859727609375 0.14177653750000002 0.5767937640625 0.12824134375000001 0.5754247546875 0.1150340125 0.58331824375 0.1030490765625 0.6003448687499999 0.099098028125 0.6400947218749999 0.0965626609375 0.6711058375000001 0.099241646875 0.695988209375 0.1134091515625 0.7152204984375 0.127037990625 0.719235890625 0.144694615625 0.7100345296875 0.15298427812499998 0.6902169515625001 0.15826247031250001 0.661524746875 0.15852470000000002 0.6435322
0 0.1802460203125 0.4189525953125 0.176719334375 0.39552264375 0.1698252453125 0.37856428593749997 0.1499814609375 0.376776946875 0.13776234062499998 0.38718756875000004 0.1328869171875 0.40185675625000006 0.1242178984375 0.4363588625 0.11809201093749999 0.46650360312499994 0.11677813906250001 0.4827059421875 0.11789541562500001 0.511751103125 0.12377787656250001 0.52553079375 0.1399264546875 0.5245271734375 0.156547965625 0.51148539375 0.166650125 0.4920709515625 0.169689665625 0.47633695468750004 0.17343636406250001 0.4551809859375 0.1802460203125 0.4189525953125
0 0.0456682546875 0.5517580828125 0.043642857812500005 0.5623470125 0.0378157796875 0.5909038234375 0.0345210078125 0.6165664343749999 0.03674154375 0.6386132 0.0405348703125 0.65084655 0.048866665625 0.655678271875 0.0624295359375 0.6455523624999999 0.07060128437499999 0.6323000515625 0.0734693375 0.6183940015625 0.0745645734375 0.6086495703125 0.07643995 0.5938218609375 0.0638817546875 0.55880309375 0.054492603125000004 0.5433820609375 0.0456682546875 0.5517580828125
0 0.10467570468750001 0.4828739265625 0.1088015234375 0.46381552656249997 0.111294503125 0.43931240625 0.105880825 0.4219875609375 0.102590071875 0.41039169218750005 0.0942708 0.40591323749999997 0.0851963484375 0.40722456406249996 0.0771646875 0.4108704703125 0.0679252234375 0.421081671875 0.06185144375 0.4393564828125 0.06295421875 0.456949209375 0.0642720203125 0.46705499218749996 0.0614789578125 0.48308047500000006 0.0639870703125 0.5132516328125 0.07016841562500001 0.5251398968750001 0.0824110359375 0.5184001765625 0.09151294531250001 0.5043033671875 0.0983393671875 0.4937307640625 0.10467570468750001 0.4828739265625
0 0.058865578125 0.341441284375 0.0567926296875 0.3371252515625 0.0364933140625 0.3468045140625 0.026798787499999997 0.371283153125 0.023816864062500002 0.3936472125 0.023008078125 0.41337085937499995 0.029742059375 0.42730953125 0.0396691984375 0.43652623124999995 0.050503990624999995 0.4307000328125 0.061868881249999993 0.4127257765625 0.071738471875 0.3931924328125 0.072368565625 0.3838702484375 0.07269612343750001 0.379562425 0.0709007375 0.3695256328125 0.058865578125 0.341441284375
0 0.007627415625 0.4670745890625 0.008077540625 0.47979105781250003 0.006021959375 0.5008504625 0.0048769625 0.5249888640625 0.0098255625 0.5427359453125 0.02483126875 0.54624818125 0.0375014578125 0.5380264890625 0.046328307812500004 0.5161585093750001 0.040869534375 0.470436828125 0.034740671875000004 0.4464695703125 0.0291119328125 0.436631671875 0.01516146875 0.43580729218750003 0.00939025625 0.44906773749999995 0.007627415625 0.4670745890625
0 0.1168205328125 0.3222916109375 0.11687850625 0.334768565625 0.12338559843750001 0.3451785484375 0.13529856093749998 0.3457271109375 0.1486904046875 0.33386035468749997 0.15051095625 0.3202606578125 0.148926146875 0.3080043234375 0.14394589062500002 0.2973737015625 0.13324997968750002 0.2878528 0.121135171875 0.292441065625 0.1183013484375 0.299093240625 0.117114303125 0.3089125265625 0.1168205328125 0.3222916109375
0 0.115725265625 0.2696709265625 0.11612890625000001 0.25939731718750003 0.11511568750000001 0.25244980781250004 0.108136909375 0.23955412968749998 0.09729916250000001 0.23686392343749998 0.08898144375 0.2403359484375 0.0841891109375 0.24585235 0.0802500921875 0.2537992609375 0.07972650625 0.26068512187500004 0.079554653125 0.2666688578125 0.0790310671875 0.2735547203125 0.0789671546875 0.2934270203125 0.082450540625 0.3051252125 0.09213323125 0.3076986046875 0.0988740984375 0.3030356515625 0.1114624984375 0.2901499546875 0.11486989843749999 0.2780235265625 0.115725265625 0.2696709265625
0 0.08008474843749999 0.173545590625 0.0821185328125 0.19819651875 0.086958871875 0.20487474687499999 0.09509668906249999 0.196321078125 0.0975688296875 0.1902886625 0.10242306875 0.1756830609375 0.1032284421875 0.16591889375 0.1029486359375 0.1580141015625 0.101995378125 0.1527604859375 0.0983001359375 0.1459167453125 0.08559179375 0.15541469531250002 0.0825361359375 0.16663899531249998 0.08008474843749999 0.173545590625
0 0.0662357109375 0.7756759484375 0.06513865625000001 0.784087115625 0.064867521875 0.7931782671875001 0.0681029890625 0.8152937828125 0.0848762265625 0.8163085015625 0.0997531109375 0.803155184375 0.1005353125 0.7858492109374999 0.10059823593749999 0.774492753125 0.0928848484375 0.753600425 0.08993997031249999 0.7492119265625 0.079996178125 0.7441155687500001 0.070464065625 0.7506509328125001 0.06667643749999999 0.7618579000000001 0.0662357109375 0.7756759484375
0 0.02501956875 0.7802565578125 0.0332729515625 0.777000734375 0.0421729390625 0.765742709375 0.0459847859375 0.755219934375 0.0480553765625 0.7480435390625 0.049251699999999995 0.7293022687499999 0.0403201609375 0.71340000625 0.028901507812499998 0.7191763796874999 0.018405578125 0.7378860828125 0.018329124999999998 0.7484618015625 0.0166353390625 0.766682175 0.02501956875 0.7802565578125