0 0.3258544203125 1 0.4256968953125 0.9936654875 0.5038345125 0.9285238187499999 0.55013840625 0.8590393374999999 0.5457972953125 0.7881073187500001 0.5154105109375 0.7316512703125 0.4213559828125 0.7113849515624999 0.2785011625 0.71307146875 0.1883900734375 0.750469953125 0.12906344218750002 0.8300874953124999 0.081312709375 0.92707628125 0.0118570171875 1 0.19851903437500001 1 0.24626986562500003 1 0.3258544203125 1
0 0.65287485625 0.728755996875 0.744035409375 0.7113849515624999 0.7990210281250001 0.633214946875 0.8091500890625 0.560835290625 0.791786240625 0.5318834484375 0.728118596875 0.5087219546874999 0.634946475 0.511248553125 0.54869136875 0.52609305 0.525539371875 0.5767587984375 0.5327743578125 0.64045293125 0.5863131390625 0.6983566171875 0.65287485625 0.728755996875
0 0.2129890078125 0.3654102796875 0.179217309375 0.39568865625 0.1724731625 0.43489471249999995 0.1608973625 0.4841129234375 0.19562505937500002 0.5231978765624999 0.28533867343749997 0.5304358609375 0.356241303125 0.5333310359375 0.412673959375 0.52609305 0.43727289375 0.5275406375 0.502387575 0.4985888453125 0.5168575468750001 0.465294190625 0.524092534375 0.41752361562500007 0.496599625 0.3842289625 0.37794616406250003 0.38567655 0.3388773546875 0.3871241859375 0.2781036875 0.3784386140625 0.26073973906250003 0.371200628125 0.2129890078125 0.3654102796875
0 0.9234626374999999 0.39580970937500004 0.8872879031249999 0.3914669484375 0.8563006421875 0.394061053125 0.8178321125 0.40304769531250006 0.8091500890625 0.43199953750000003 0.8308550484375001 0.466741778125 0.8829467921875 0.4855604609375 0.93937945 0.4623990171875 0.9552962609375 0.4247615515625 0.9234626374999999 0.39580970937500004
0 0.99002415625 0.746127240625 0.963978284375 0.7128324875 0.9246600171875 0.6951678234374999 0.87571180625 0.7026994281250001 0.86558294375 0.7330988078125 0.87426476875 0.7649458250000001 0.9220155999999999 0.799688115625 0.9770012203125 0.8069260015624999 0.9871302796875 0.7910024921875001 0.99002415625 0.746127240625
0 0.958190334375 0.9965606625 0.958190334375 0.9907703140624999 0.9408264859375001 0.9516853125000001 0.88584066875 0.912600409375 0.801915103125 0.9097051359374999 0.7382474593749999 0.9256286453125 0.687602753125 0.9835323296875 0.958190334375 0.9965606625
0 0 0.7692886359375 0.036455853125 0.73888925625 0.05960785 0.7142801249999999 0.0639487609375 0.68822355625 0.035008815625 0.6607191515624999 0 0.6607191515624999 0 0.7692886359375
0 0.62711570625 0.3989322875 0.6785436546875 0.41250916249999997 0.704971903125 0.416082034375 0.7578283 0.39750317343749997 0.766399584375 0.37463681875 0.75497120625 0.3582016671875 0.7299715546875001 0.3553433625 0.692114928125 0.34962678125 0.67657833125 0.3479749734375 0.6364013374999999 0.35963080625 0.6199729703125 0.36534741249999997 0.6121159359375 0.3824971109375 0.62711570625 0.3989322875
0 0.5056887437500001 0.3510559453125 0.51211723125 0.36534741249999997 0.5314027421875 0.371778540625 0.5485453109375 0.37392225 0.577116403125 0.3753513890625 0.61425873125 0.36963480625 0.6335441937499999 0.35677250312500003 0.63997268125 0.3389082109375 0.628544303125 0.32604590624999996 0.597116115625 0.318900184375 0.576149434375 0.3206583140625 0.5335455390625 0.32676047656249996 0.5092601375 0.3346207671875 0.5056887437500001 0.3510559453125
0 0.4717033796875 0.2620078375 0.4364039296875 0.2667363859375 0.3956902078125 0.2810278421875 0.39640445625 0.3024650078125 0.402118646875 0.3146127421875 0.44568956093749995 0.319614753125 0.49640316249999994 0.3203293234375 0.535688334375 0.3124690078125 0.5549737984374999 0.29746301875 0.56997361875 0.2903172984375 0.577116403125 0.2803132484375 0.567830771875 0.27245298125 0.5592594890625 0.25744694375 0.5471167625 0.25387408125 0.509974434375 0.2545886765625 0.49640316249999994 0.2660218046875 0.4717033796875 0.2620078375
0 0.55354525 0.19813742343750002 0.583544890625 0.207426865625 0.61425873125 0.21314346093749997 0.6564010484375 0.21457258750000002 0.694972021875 0.207426865625 0.7085431984375 0.1917062828125 0.7092574968750001 0.1809877 0.6956862234375001 0.1702691109375 0.6735437140625 0.168125384375 0.6356870406249999 0.1695545296875 0.6227484421875 0.16880981875 0.5828305921875 0.1688399546875 0.552116703125 0.18027311875000002 0.55354525 0.19813742343750002
0 0.3830276875 0.2401622828125 0.41113418749999997 0.23569908593750002 0.43121025937499996 0.2272190109375 0.447271115625 0.21784628437500003 0.447271115625 0.2066883 0.4325486734375 0.2013324671875 0.414703284375 0.20177877031250002 0.3799340671875 0.2073077265625 0.36696683124999996 0.2111514953125 0.3633977640625 0.2200778890625 0.3665206828125 0.2361454046875 0.3830276875 0.2401622828125
0 0.4517324484375 0.1834796796875 0.44147136875 0.1834796796875 0.43567159218749996 0.188389178125 0.443255903125 0.197761890625 0.46199355937500003 0.199993496875 0.4856386953125 0.197761890625 0.5021457015624999 0.18526493593749999 0.50749933125 0.1776774984375 0.5012534343749999 0.17366061875 0.49188459218749997 0.1727679828125 0.4776082671875 0.1749995890625 0.46273449062500005 0.17770030312500001 0.4584244625 0.1834796796875 0.4517324484375 0.1834796796875
0 0.5458669109375001 0.12858231874999998 0.57531185625 0.13349183281250002 0.6212637453125 0.12010224375 0.6391091359375001 0.10715896250000001 0.6364323671875 0.09332305468749999 0.6261711953125 0.08930617656249999 0.604756740625 0.088413540625 0.5806623656250001 0.0928925953125 0.5489898578125 0.095108334375 0.5311444671875 0.106266334375 0.5271292546875 0.1156390453125 0.5458669109375001 0.12858231874999998
0 0.6408937296875 0.12456543906249999 0.652047075 0.134830803125 0.6868455578125 0.1446498328125 0.6823841953125 0.1535762265625 0.69264530625 0.1593783921875 0.7145059703125 0.15446887812500001 0.723428696875 0.14822039375 0.7252131687500001 0.1410792875 0.737704959375 0.12635072812499998 0.7359204265625 0.11430009999999999 0.7269977015625 0.1080516078125 0.7069216296875 0.104927365625 0.6830337984375 0.1099545015625 0.6507086296875 0.1102832046875 0.6408937296875 0.12456543906249999
0 0 0.4578297765625 0.015464849999999999 0.45387278125 0.043810240625 0.44529932812500006 0.0642453015625 0.43079039531249996 0.0649045375 0.416941025 0.050402198437500004 0.407708009375 0.005109600000000001 0.4105823703125 0 0.41100549375 0 0.4578297765625
0 0.1571919546875 0.37275468749999996 0.180263809375 0.3734142 0.2033356640625 0.3681382046875 0.2158603453125 0.36088375156249997 0.23036268437500002 0.348353303125 0.22970349843750001 0.33780136562499996 0.2217931171875 0.331206396875 0.20597240781249998 0.331206396875 0.190151746875 0.3292279125 0.15653271875000002 0.34175833437500003 0.1387344515625 0.3490128140625 0.144667225 0.3595647515625 0.1571919546875 0.37275468749999996
0 0.36022424375 0.3556077828125 0.3674753890625 0.3404393625 0.3608834296875 0.3358228796875 0.3450627703125 0.33516336875 0.33064158906249996 0.3347622625 0.312102978125 0.3391203640625 0.299578246875 0.3470343296875 0.3048517828125 0.3622027484375 0.32594608125 0.36484072031250003 0.3476995140625 0.3622027484375 0.36022424375 0.3556077828125
0 0.1334608640625 0.223048934375 0.11236661875000001 0.2375578546875 0.1097298234375 0.2520667890625 0.1301648859375 0.263937725 0.13214249375 0.2771276609375 0.1776270171875 0.26855420625000004 0.23036268437500002 0.2527262875 0.2943046609375 0.2270059046875 0.3061702046875 0.21249698437500003 0.296941453125 0.1999665484375 0.27123280625 0.19864757500000002 0.22762513750000002 0.20454946718749997 0.1789453875 0.2078805015625 0.1334608640625 0.223048934375
0 0.279802371875 0.157758746875 0.242887415625 0.1623752296875 0.222452303125 0.1643537140625 0.22113393124999997 0.174246165625 0.234977034375 0.18545761562500002 0.2540937234375 0.1887551 0.32462765937500004 0.19073358437500001 0.4037311609375 0.1788626484375 0.45448926875 0.157758746875 0.45976285624999996 0.147206815625 0.45251166249999997 0.13929284375 0.4083455609375 0.13467636875 0.38256188125 0.1336741484375 0.30880699843750004 0.15050429375000002 0.279802371875 0.157758746875
0 0.404960428125 0.086374890625 0.3900287296875 0.091193778125 0.39243706875 0.0974583171875 0.3803953703125 0.101313415625 0.3529402765625 0.105168521875 0.3452335953125 0.105650403125 0.3278935578125 0.1143243890625 0.3380085765625 0.123480275 0.3702803140625 0.12155270625 0.4088137875 0.116733828125 0.43482382656249996 0.10950551093750001 0.44204884531250005 0.0984220953125 0.4285621296875 0.098903975 0.4275988078125 0.09601265625 0.431452165625 0.0858930109375 0.404960428125 0.086374890625
0 0.1983248734375 0.0202576546875 0.21662826875 0.025558421874999997 0.20795823281249998 0.0380874984375 0.22385328906250002 0.043388284375 0.258533365625 0.0380874984375 0.27298340468750004 0.039051278125 0.24552834687499997 0.05302604062500001 0.24263830937500003 0.065073225 0.2773184234375 0.070855865625 0.32837521718749996 0.0621818875 0.3760603515625 0.045797721875 0.3967720515625 0.033750528125 0.3909920515625 0.0231489828125 0.3572752953125 0.0231489828125 0.318741859375 0.029413520312500004 0.30814517812500003 0.029413520312500004 0.2951401234375 0.0231489828125 0.25227166875 0.02266709375 0.2508266859375 0.013993107812499999 0.24263830937500003 0.0058010203125 0.19928819375 0.012547446875000002 0.1983248734375 0.0202576546875
0 0.0928395859375 0.10603368906249999 0.1130696609375 0.1113344484375 0.1366713609375 0.10747935 0.16316309843750001 0.099769134375 0.18772819375 0.089649496875 0.192544871875 0.0824211796875 0.1761681546875 0.080493621875 0.14645135625 0.0814153984375 0.11692298281249999 0.0853124984375 0.09958294375 0.0901313765625 0.091876246875 0.0963959328125 0.0928395859375 0.10603368906249999
0 0.583959184375 0.0527026125 0.5797552593749999 0.042608596875 0.536034434375 0.043870346875 0.49992965156249997 0.0453048109375 0.4712940171875 0.0501791125 0.46036378593749994 0.060273128125 0.478440675 0.067843659375 0.515014809375 0.0716289109375 0.568404675 0.0640583953125 0.583959184375 0.0527026125
0 0.425087909375 0.058129290624999996 0.3968845265625 0.0573290515625 0.3834319484375 0.0648995828125 0.3931009875 0.0737318484375 0.41454099843750003 0.0758347703125 0.42925473593749996 0.0733112703125 0.43934416093750006 0.06532015937499999 0.43303827500000003 0.059011393749999995 0.425087909375 0.058129290624999996
0 0.5751309796874999 0.03495200625 0.5999341109375 0.0320079125 0.6175905828125 0.023596225000000002 0.6226352796875 0.01224044375 0.6058195796875 0.01097869375 0.558794371875 0.0163980296875 0.5448627015625 0.016952940625 0.5301489640625 0.0194764640625 0.523422659375 0.025785221874999997 0.5280470015625001 0.035038065624999996 0.5751309796874999 0.03495200625
0 0.715795325 0.29132411875 0.715795325 0.28417418125 0.712788684375 0.27182887031249997 0.6846863062499999 0.27197724375 0.6598831421875 0.27281841562500003 0.6565199890625 0.28249185312499997 0.6678706062499999 0.2942682125 0.6842658875 0.299315228125 0.708228278125 0.297632884375 0.715795325 0.29132411875
0 0.9037107843750001 0.21772185156249999 0.9146410156250001 0.2122542578125 0.923048865625 0.20720724218750003 0.918424521875 0.19585146874999998 0.8962153578125 0.1898387234375 0.8398111390624999 0.1920662109375 0.8263585609374999 0.20426315625 0.84443541875 0.21351600781250002 0.8650346890625 0.2164601015625 0.8885766296875 0.2194041875 0.9037107843750001 0.21772185156249999
0 0.8259381749999999 0.24842450781249997 0.826778946875 0.26608905625 0.8406519125 0.2761830875 0.8650346890625 0.27912718124999997 0.8860543140624999 0.280809509375 0.9129594078125001 0.272397821875 0.9306158796874999 0.26650965000000004 0.939864565625 0.25641561875 0.9377626031249999 0.24379808593750002 0.9310362968750001 0.2395922421875 0.9196857125 0.2374893203125 0.8936213921875 0.2358069765625 0.8767689765625001 0.23714073125000001 0.8398111390624999 0.24379808593750002 0.8259381749999999 0.24842450781249997
0 0.8608307640625 0.320765025 0.8763852734375 0.3136150875 0.8810096156249999 0.299315228125 0.8717609312500001 0.289641790625 0.8489133499999999 0.2886473609375 0.8238362125 0.29216529062499996 0.810383634375 0.29889463437499997 0.816689521875 0.310250415625 0.8293013281249999 0.31782093125 0.8494801796875 0.321606196875 0.8608307640625 0.320765025
0 0.7881028515625 0.10684995156249999 0.7994534359375 0.10054118593750001 0.8023962015625001 0.09339124843749999 0.8078612859375 0.0849795609375 0.820893446875 0.07740904531250001 0.83854995 0.0740443734375 0.85494523125 0.07194145156250001 0.868818196875 0.0668944359375 0.8709201578125001 0.0563798265625 0.8683978421875 0.0458652171875 0.8536841046875001 0.037874123437500004 0.8217342500000001 0.0345094359375 0.7670832265625 0.0433417171875 0.746063603125 0.0429211234375 0.72592813125 0.0395234546875 0.6909921921875 0.0345094359375 0.6607239140625001 0.0403976234375 0.66156471875 0.0504916546875 0.675017265625 0.057220998437500004 0.698138853125 0.06647385781250001 0.7141137796875 0.0673150296875 0.7174769000000001 0.0685767796875 0.7187380906249999 0.0706797015625 0.7670832265625 0.0765678734375 0.7498471421875 0.0832972328125 0.725043978125 0.0841384046875 0.706126315625 0.0900265765625 0.7183177046875 0.10012060781250001 0.746063603125 0.1064293734375 0.7607773390625 0.1097940453125 0.7881028515625 0.10684995156249999