0 0.5382395375 0.547619046875 0.5367965359375 0.5666666671875 0.54978355 0.5984127 0.5620490625000001 0.6190476203124999 0.5779220765625 0.64444444375 0.6002886000000001 0.6555555562500001 0.63131313125 0.65714285625 0.6385281375 0.6555555562500001 0.65007215 0.6476190468749999 0.670995671875 0.6333333328124999 0.6875901875 0.6158730171875 0.6998557 0.5984127 0.702741703125 0.5730158734375 0.6919191921875 0.5507936499999999 0.6868686859375 0.546031746875 0.6457431453125 0.5206349203125 0.6269841265625 0.5158730171875 0.6075036078125 0.5158730171875 0.5844155843750001 0.5174603171875 0.5642135640625 0.5206349203125 0.547619046875 0.5333333328125 0.5382395375 0.547619046875
0 0.2611832609375 0.6222222234375 0.2582972578125 0.65079365 0.26767676875 0.6730158734375 0.29220779218750004 0.6857142859375001 0.3160173171875 0.688888890625 0.347041846875 0.7 0.36580086562499997 0.69365079375 0.375180375 0.688888890625 0.3888888890625 0.6857142859375001 0.4047619046875 0.6761904765625 0.41774891875 0.6634920640625 0.4307359296875 0.646031746875 0.42929292812500003 0.6142857140625 0.41847041875 0.6015873 0.396825396875 0.5809523796875 0.3672438671875 0.5730158734375 0.3268398265625 0.5730158734375 0.3131313140625 0.5746031734375 0.28571428593750003 0.5809523796875 0.2698412703125 0.5984127 0.2611832609375 0.6222222234375
0 0.5050505046875 0.8777777765625 0.4826839828125 0.8841269828125 0.4696969703125 0.9222222234374999 0.4696969703125 0.952380953125 0.476190475 0.9761904765624999 0.49422799375000004 0.9873015859375001 0.5079365078125 0.99365079375 0.5266955265625 0.9984127 0.6356421359375 0.9857142859374999 0.6522366515625 0.9730158734375 0.6464646468749999 0.941269840625 0.6277056265625001 0.9206349203125 0.596681096875 0.8984127000000001 0.5764790750000001 0.8841269828125 0.5447330453125 0.8714285703125 0.524531025 0.8730158734375 0.5050505046875 0.8777777765625
0 0.7417027421875 0.49365079375 0.728715728125 0.49206349375 0.715728715625 0.49206349375 0.7070707078125 0.49206349375 0.7049062046875 0.504761903125 0.715728715625 0.5222222234375 0.721500721875 0.5269841265624999 0.7417027421875 0.5349206328125 0.753246753125 0.5349206328125 0.7691197703125 0.5365079359375 0.779220778125 0.539682540625 0.7799422796875 0.5222222234375 0.7734487734375 0.504761903125 0.7662337671875 0.496825396875 0.7640692640625 0.4984127 0.7417027421875 0.49365079375
0 0.552669553125 0.460317459375 0.5772005765625 0.46190476406250003 0.5995671 0.460317459375 0.6082251078125 0.46190476406250003 0.6226551234375 0.460317459375 0.634199134375 0.45555555625000005 0.6515151515625 0.44285714374999996 0.6457431453125 0.4253968265625 0.6392496390625 0.4142857140625 0.60533910625 0.3984127 0.5923520921875001 0.3984127 0.5721500734375 0.4 0.5512265515625 0.4015873 0.5382395375 0.404761903125 0.528860028125 0.4253968265625 0.5295815296875 0.4380952359375 0.5375180375 0.45238095312500004 0.552669553125 0.460317459375
0 0.46681096718750004 0.45238095312500004 0.45382395468750003 0.45238095312500004 0.4458874453125 0.46349206406250004 0.44372294375 0.4761904765625 0.44660894687499997 0.5 0.4617604625 0.5190476203125 0.484126984375 0.5285714296874999 0.508658009375 0.5285714296874999 0.5331890328125 0.511111109375 0.5367965359375 0.5 0.5310245296875 0.47936507968750003 0.51875901875 0.460317459375 0.49927849999999996 0.45714285625000006 0.4949494953125 0.45714285625000006 0.484126984375 0.45238095312500004 0.46681096718750004 0.45238095312500004
0 0.3427128421875 0.3730158734375 0.34559884531249996 0.3873015859375 0.3643578640625 0.396825396875 0.38744588750000003 0.4015873 0.408369409375 0.39365079375 0.4126984125 0.3809523796875 0.4126984125 0.36666666718749996 0.4040404046875 0.35714285625 0.391053390625 0.35555555625 0.3701298703125 0.35555555625 0.3636363640625 0.35555555625 0.34992785 0.36666666718749996 0.3427128421875 0.3730158734375
0 0.270562771875 0.4238095234375 0.2691197703125 0.43333333281249997 0.2835497828125 0.44444444375 0.28138528125 0.45238095312500004 0.278499278125 0.46190476406250003 0.3008658015625 0.45714285625000006 0.3080808078125 0.44444444375 0.315295815625 0.42857142968749995 0.315295815625 0.41269841406249996 0.3080808078125 0.404761903125 0.303030303125 0.40793650625 0.2929292921875 0.40793650625 0.28210678125 0.41269841406249996 0.270562771875 0.4238095234375
0 0.4430014421875 0.32698412656250003 0.435064934375 0.33015872968750004 0.43217893125 0.341269840625 0.43795093749999997 0.35714285625 0.46392496406249994 0.3746031734375 0.4725829734375 0.37619047656250004 0.4920634921875 0.3777777765625 0.5072150078125001 0.3714285703125 0.5108225109375 0.3650793671875 0.5043290046875 0.341269840625 0.49422799375000004 0.3333333328125 0.474025975 0.33015872968750004 0.45743145781249994 0.32698412656250003 0.4430014421875 0.32698412656250003
0 0.5598845609375 0.341269840625 0.5779220765625 0.34920635 0.5894660890625001 0.353968253125 0.6038961046875 0.35555555625 0.609668109375 0.35079365 0.609668109375 0.3365079359375 0.5974025968750001 0.32380952343749997 0.590187590625 0.32063492031249996 0.5800865796875 0.3222222234375 0.5627705625 0.3222222234375 0.553391053125 0.3222222234375 0.5490620484375001 0.3333333328125 0.5598845609375 0.341269840625
0 0.5894660890625001 0.2142857140625 0.575036075 0.2142857140625 0.5620490625000001 0.22222222343750003 0.565656565625 0.23333333281250002 0.5930735921875 0.24285714375 0.615440115625 0.246031746875 0.6392496390625 0.247619046875 0.6572871578124999 0.24920635 0.670995671875 0.24920635 0.6796536796875 0.24444444375000002 0.6724386734375 0.22698412656250003 0.634920634375 0.2142857140625 0.6118326125 0.2142857140625 0.5894660890625001 0.2142857140625
0 0.7417027421875 0.309523809375 0.7279942265625 0.290476190625 0.7200577203125 0.2825396828125 0.702741703125 0.28412698281250004 0.6911976906249999 0.29365079375 0.6926406921875 0.304761903125 0.720779221875 0.3126984140625 0.729437228125 0.3158730171875 0.740259740625 0.3190476203125 0.7417027421875 0.309523809375
0 0.702741703125 0.3333333328125 0.690476190625 0.3333333328125 0.6803751796874999 0.33174603281250004 0.678210678125 0.3380952359375 0.6861471859375 0.353968253125 0.6991341984375 0.35873015937499997 0.7142857140625 0.360317459375 0.7128427125 0.34920635 0.702741703125 0.3333333328125
0 0.503607503125 0.1857142859375 0.49278499218749994 0.1841269828125 0.484126984375 0.1857142859375 0.47835497812499994 0.19365079375 0.49134199062499995 0.20634920625 0.5050505046875 0.20952380937499998 0.523809525 0.211111109375 0.540404040625 0.2158730171875 0.559163059375 0.21746031718749997 0.5613275609375 0.20634920625 0.5461760453125 0.196825396875 0.5281385281250001 0.19206349375 0.514430015625 0.188888890625 0.503607503125 0.1857142859375
0 0.55627705625 0.15079365 0.5519480515625 0.153968253125 0.5569985578125001 0.1634920640625 0.56782106875 0.1666666671875 0.5844155843750001 0.1730158734375 0.5995671 0.1746031734375 0.6125541125 0.1746031734375 0.614718615625 0.1714285703125 0.6082251078125 0.160317459375 0.5937950937500001 0.15555555625 0.5779220765625 0.152380953125 0.56782106875 0.14920635 0.55627705625 0.15079365