0 0.20442708281250002 0.78515625 0.22916666718749998 0.7213541671875 0.234375 0.69140625 0.21223958281250002 0.6744791671875 0.1888020828125 0.6822916671875 0.1705729171875 0.7278645828125 0.1510416671875 0.7643229171875 0.1341145828125 0.7916666671875 0.11328125 0.8177083328125001 0.1236979171875 0.8424479171874999 0.1627604171875 0.8450520828125001 0.1888020828125 0.8372395828125001 0.20442708281250002 0.78515625
0 0.2682291671875 0.5377604171875 0.2526041671875 0.5299479171875 0.23177083281250002 0.5611979171875 0.21614583281250002 0.6028645828125 0.19921875 0.6380208328125 0.20182291718749998 0.6614583328125 0.22786458281250002 0.66796875 0.2591145828125 0.65234375 0.2669270828125 0.6236979171875 0.26171875 0.6041666671875 0.27734375 0.56640625 0.2682291671875 0.5377604171875
0 0.3528645828125 0.3255208328125 0.3463541671875 0.3098958328125 0.3216145828125 0.3072916671875 0.3072916671875 0.3346354171875 0.3020833328125 0.3684895828125 0.2890625 0.40234375 0.2825520828125 0.4296875 0.3125 0.4453125 0.3268229171875 0.3932291671875 0.34375 0.359375 0.3528645828125 0.3255208328125
0 0.5325520828125 0.3450520828125 0.5520833328125 0.3385416671875 0.5677083328125 0.3203125 0.5755208328125 0.2903645828125 0.5625 0.2682291671875 0.5364583328125 0.2526041671875 0.50390625 0.2669270828125 0.4791666671875 0.265625 0.46875 0.3111979171875 0.4856770828125 0.33203125 0.5078125 0.33984375 0.5325520828125 0.3450520828125
0 0.4049479171875 0.3463541671875 0.3984375 0.3684895828125 0.3971354171875 0.3880208328125 0.4114583328125 0.40625 0.4088541671875 0.4153645828125 0.3997395828125 0.43359375 0.41796875 0.4609375 0.4427083328125 0.4752604171875 0.4674479171875 0.4713541671875 0.4856770828125 0.43359375 0.48828125 0.3893229171875 0.4752604171875 0.37890625 0.4557291671875 0.3684895828125 0.453125 0.34375 0.4453125 0.3307291671875 0.4231770828125 0.328125 0.4049479171875 0.3463541671875
0 0.5598958328125 0.3528645828125 0.546875 0.3502604171875 0.52734375 0.3489583328125 0.515625 0.34765625 0.5286458328125 0.3645833328125 0.5494791671875 0.3736979171875 0.56640625 0.3645833328125 0.5598958328125 0.3528645828125
0 0.55859375 0.3815104171875 0.5403645828125 0.37890625 0.5234375 0.390625 0.5377604171875 0.40625 0.5598958328125 0.4127604171875 0.578125 0.40625 0.5768229171875 0.390625 0.55859375 0.3815104171875
0 0.5625 0.5885416671875 0.5546875 0.56640625 0.5611979171875 0.5442708328125 0.5494791671875 0.53125 0.5299479171875 0.5234375 0.50390625 0.5208333328125 0.4700520828125 0.5143229171875 0.4557291671875 0.5338541671875 0.4791666671875 0.5494791671875 0.4973958328125 0.5559895828125 0.4791666671875 0.57421875 0.4609375 0.5833333328125 0.4596354171875 0.59765625 0.4830729171875 0.6106770828125 0.4986979171875 0.6158854171875 0.5104166671875 0.6145833328125 0.5455729171875 0.6263020828125 0.5716145828125 0.6276041671875 0.58203125 0.6119791671875 0.5625 0.5885416671875
0 0.56640625 0.4270833328125 0.54296875 0.4231770828125 0.53515625 0.4375 0.546875 0.4466145828125 0.5690104171875 0.4583333328125 0.5833333328125 0.4466145828125 0.5807291671875 0.4348958328125 0.56640625 0.4270833328125
0 0.48828125 0.1796875 0.47265625 0.1705729171875 0.4479166671875 0.1705729171875 0.4283854171875 0.1744791671875 0.4283854171875 0.1901041671875 0.4270833328125 0.22005208281250002 0.44140625 0.23177083281250002 0.4635416671875 0.22916666718749998 0.4817708328125 0.22786458281250002 0.484375 0.20833333281250002 0.4895833328125 0.19140625 0.48828125 0.1796875
0 0.5390625 0.21354166718749998 0.5182291671875 0.21614583281250002 0.5221354171875 0.23307291718749998 0.5338541671875 0.24088541718749998 0.5559895828125 0.24348958281250002 0.5677083328125 0.234375 0.5572916671875 0.21614583281250002 0.5390625 0.21354166718749998
0 0.5546875 0.1705729171875 0.5520833328125 0.1549479171875 0.5442708328125 0.1510416671875 0.5286458328125 0.1497395828125 0.5065104171875 0.15234375 0.5091145828125 0.16796875 0.5247395828125 0.1744791671875 0.5442708328125 0.17578125 0.5546875 0.1705729171875
0 0.3411458328125 0.2994791671875 0.3567708328125 0.30078125 0.3671875 0.2916666671875 0.3815104171875 0.2838541671875 0.3984375 0.2565104171875 0.39453125 0.23828125 0.3802083328125 0.23046875 0.3619791671875 0.22135416718749998 0.3372395828125 0.2421875 0.3294270828125 0.2669270828125 0.328125 0.2877604171875 0.3411458328125 0.2994791671875
0 0.37109375 0.21354166718749998 0.38671875 0.21484375 0.3984375 0.20572916718749998 0.3971354171875 0.1822916671875 0.3984375 0.1666666671875 0.3919270828125 0.1536458328125 0.3841145828125 0.1471354171875 0.3723958328125 0.1666666671875 0.3684895828125 0.1848958328125 0.36328125 0.20052083281250002 0.37109375 0.21354166718749998
0 0.4231770828125 0.125 0.4231770828125 0.109375 0.4166666671875 0.0859375 0.3997395828125 0.1041666671875 0.3971354171875 0.1197916671875 0.41015625 0.12890625 0.4231770828125 0.125