0 0.43779904218750004 0.759032634375 0.44258373124999995 0.7386363625000001 0.438995215625 0.7036713296875 0.4330143546875 0.6847319359374999 0.40550239218749995 0.6861888109375001 0.3851674625 0.6963869453125 0.357655503125 0.7065850796875 0.3421052625 0.721153846875 0.33253588437500003 0.7619463875 0.33253588437500003 0.7867132859375 0.3373205734375 0.7969114234375 0.36722488124999997 0.8027389265625 0.3851674625 0.8056526796875 0.4186602875 0.7837995359375001 0.43779904218750004 0.759032634375
0 0.25837320468749997 0.9192890453125001 0.235645934375 0.9120046640625 0.2236842109375 0.9163752921875 0.1973684203125 0.9149184140625 0.172248803125 0.9425990671875001 0.172248803125 0.9659090890625001 0.1949760765625 0.976107228125 0.24162679531250003 0.9644522140625 0.2559808609375 0.9440559453124999 0.25837320468749997 0.9192890453125001
0 0.4437799046875 0.884324009375 0.45454545468749996 0.891608390625 0.4557416265625 0.904720278125 0.4593301453125 0.9353146859375 0.4665071765625 0.9411421921875001 0.492822965625 0.9367715609375 0.503588515625 0.9265734265625 0.5047846890625001 0.904720278125 0.5023923453125 0.885780884375 0.48564593437500003 0.86975524375 0.47727272656249997 0.871212121875 0.4485645921875 0.8624708625 0.4258373203125 0.8668414906249999 0.4437799046875 0.884324009375
0 0.6076555031249999 0.633741259375 0.5765550234375 0.627913753125 0.5622009578125 0.63082750625 0.55741626875 0.641025640625 0.577751196875 0.6628787890625001 0.5873205734375 0.6832750578125 0.6040669875 0.6934731921874999 0.618421053125 0.6861888109375001 0.6351674625 0.6803613046875 0.6543062203125001 0.6687062953125 0.6806220109375001 0.6614219109375 0.6901913875 0.651223775 0.69258373125 0.6366550125 0.6877990421875 0.61917249375 0.667464115625 0.610431234375 0.656698565625 0.6133449875 0.650717703125 0.616258740625 0.6363636374999999 0.629370628125 0.6327751187499999 0.641025640625 0.6244019125 0.641025640625 0.6076555031249999 0.633741259375
0 0.8755980875 0.8362470859375 0.8660287078125 0.85081585 0.8708133968749999 0.9018065249999999 0.8660287078125 0.9222027984375 0.86722488125 0.9469696953125 0.8911483265625 0.9965034968750001 0.9198564609375 0.9965034968750001 0.9473684203125 0.99358974375 0.9593301453124999 0.9571678328125 0.9569378000000001 0.9353146859375 0.9377990421875 0.9149184140625 0.9090909078125 0.86829836875 0.8935406703125001 0.8522727281250001 0.8755980875 0.8362470859375
0 0.8110047843749999 0.5623543109375 0.7870813390625 0.5652680640625001 0.7715311 0.5740093234375 0.7715311 0.598776225 0.7846889953125 0.629370628125 0.8014354078125001 0.639568765625 0.8074162687499999 0.6497669 0.8349282296875 0.629370628125 0.8660287078125 0.5856643359375 0.8409090921875 0.5696386953125 0.8110047843749999 0.5623543109375
0 0.411483253125 0.41083916093750006 0.406698565625 0.4239510484375 0.39952153125 0.45017482343750004 0.40550239218749995 0.47202797187499995 0.422248803125 0.46911421718749996 0.4485645921875 0.4516317015625 0.47727272656249997 0.43269230781249995 0.4844497609375 0.4122960390625 0.460526315625 0.400641025 0.4437799046875 0.396270396875 0.411483253125 0.41083916093750006
0 0.6267942578125 0.4399766890625 0.6172248812500001 0.43414918281250003 0.5944976078125 0.43851981406249996 0.5622009578125 0.45017482343750004 0.5562200953125 0.45454545468749996 0.5478468890625 0.4632867140625 0.5478468890625 0.47202797187499995 0.5909090921875 0.47202797187499995 0.6148325375 0.4647435890625 0.6267942578125 0.4399766890625
0 0.6686602875000001 0.39918415 0.6626794265625 0.405011653125 0.6961722499999999 0.4210372953125 0.710526315625 0.42540792656250004 0.7296650703124999 0.4166666671875 0.7153110046875 0.39335664375 0.6866028703125 0.39335664375 0.6686602875000001 0.39918415
0 0.6423444968750001 0.52010489375 0.6136363625000001 0.5084498843749999 0.586124403125 0.50699300625 0.575358853125 0.51864801875 0.575358853125 0.5361305359374999 0.61124401875 0.5579836828125 0.6327751187499999 0.5608974359375 0.650717703125 0.5434149203125 0.6423444968750001 0.52010489375
0 0.28515625 0.6826171875 0.2490234375 0.6640625 0.1962890625 0.673828125 0.15234375 0.7041015625 0.14453125 0.7236328125 0.154296875 0.7373046875 0.1669921875 0.7265625 0.2119140625 0.724609375 0.2802734375 0.6953125 0.28515625 0.6826171875
0 0.6484375 0.2587890625 0.6484375 0.2666015625 0.66796875 0.2724609375 0.677734375 0.2685546875 0.677734375 0.2568359375 0.6611328125 0.24609375 0.6484375 0.2587890625
0 0.58984375 0.3193359375 0.5947265625 0.326171875 0.650390625 0.3291015625 0.6435546875 0.314453125 0.6279296875 0.30859375 0.6064453125 0.30859375 0.58984375 0.3193359375
0 0.671875 0.3798828125 0.6796875 0.3857421875 0.705078125 0.3740234375 0.6943359375 0.357421875 0.6826171875 0.353515625 0.671875 0.3798828125
0 0.7626953125 0.28125 0.736328125 0.2958984375 0.7392578125 0.302734375 0.75390625 0.3076171875 0.7607421875 0.296875 0.7822265625 0.294921875 0.78515625 0.2880859375 0.7626953125 0.28125
0 0.8017578125 0.546875 0.814453125 0.5478515625 0.826171875 0.5322265625 0.8076171875 0.517578125 0.796875 0.5380859375 0.8017578125 0.546875
0 0.541015625 0.3095703125 0.541015625 0.3193359375 0.5517578125 0.33203125 0.56640625 0.3310546875 0.576171875 0.3232421875 0.5625 0.3173828125 0.5615234375 0.3046875 0.541015625 0.3095703125
0 0.607421875 0.2509765625 0.5634765625 0.24609375 0.5400390625 0.251953125 0.537109375 0.2607421875 0.55078125 0.2666015625 0.5732421875 0.26171875 0.5908203125 0.265625 0.6025390625 0.26171875 0.607421875 0.2509765625
0 0.0009765625 0.421875 0.0556640625 0.423828125 0.0634765625 0.4375 0.083984375 0.4404296875 0.11328125 0.4248046875 0.0791015625 0.40625 0 0.3896484375 0.0009765625 0.421875