0 0.514423078125 0.7577067140625 0.476923078125 0.8038029375000001 0.478846153125 0.838375109375 0.4990384609375 0.8787093046875001 0.535576921875 0.9046384328125001 0.5942307687499999 0.91184096875 0.63173076875 0.8959953890625 0.648076921875 0.8671852484375 0.653846153125 0.8239700375 0.640384615625 0.785076346875 0.6259615390625 0.7807548265625 0.6009615390625 0.75914721875 0.55576923125 0.7476231624999999 0.514423078125 0.7577067140625
0 0.6 0.5430711609375 0.640384615625 0.5329876125 0.64423076875 0.50129645625 0.6298076921875 0.4840103703125 0.609615384375 0.4753673296875 0.5701923078125 0.4566407375 0.528846153125 0.4552002296875 0.48076923125000004 0.48112935781250005 0.49807692187499997 0.541630653125 0.548076921875 0.5502736968749999 0.6 0.5430711609375
0 0.13557692187499998 0.7706712765625 0.148076921875 0.741861134375 0.146153846875 0.728896571875 0.123076921875 0.718813021875 0.08076923124999999 0.753385190625 0.07211538437500001 0.7692307703125 0.07115384687500001 0.7937193890625001 0.089423078125 0.7980409093749999 0.1134615390625 0.790838375 0.13557692187499998 0.7706712765625
0 0.4375 0.43071161093750004 0.43461538437499997 0.4134255265625 0.4259615390625 0.406222990625 0.39519230781250003 0.4047824828125 0.3625 0.41198501875 0.351923078125 0.423509075 0.371153846875 0.44511668125000003 0.3923076921875 0.4479976953125 0.4259615390625 0.43791414531250006 0.4375 0.43071161093750004
0 0.58173076875 0.4105445109375 0.61826923125 0.42927110312499994 0.6634615390625 0.42927110312499994 0.6798076921875 0.42927110312499994 0.7048076921875001 0.40766349843749994 0.703846153125 0.394698934375 0.6951923078125 0.3874963984375 0.6634615390625 0.383174878125 0.635576921875 0.3802938640625 0.6163461531250001 0.3802938640625 0.577884615625 0.3961394421875 0.58173076875 0.4105445109375
0 0.4740384609375 0.37741285 0.5 0.394698934375 0.548076921875 0.38893690625 0.564423078125 0.3817343703125 0.5951923078125 0.3658887921875 0.603846153125 0.35868625781249996 0.58173076875 0.34860270781249997 0.5634615390625 0.350043215625 0.559615384375 0.35580524375 0.525 0.3471622 0.4990384609375 0.3514837234375 0.48365384687499996 0.35868625781249996 0.4740384609375 0.37741285
0 0.6923076921875 0.3457216953125 0.7 0.3313166234375 0.684615384375 0.32411408750000004 0.6653846156250001 0.318352059375 0.64326923125 0.316911553125 0.610576921875 0.32267358125 0.60673076875 0.32987611562499997 0.614423078125 0.341400171875 0.6451923078124999 0.3442811875 0.6923076921875 0.3457216953125
0 0.6307692312500001 0.2981849609375 0.6125 0.2924229328125 0.603846153125 0.28954191875 0.583653846875 0.2881014125 0.560576921875 0.296744453125 0.564423078125 0.31259003124999996 0.58173076875 0.316911553125 0.60673076875 0.316911553125 0.628846153125 0.3039469890625 0.6307692312500001 0.2981849609375
0 0.49230769218750003 0.326995103125 0.476923078125 0.32267358125 0.45673076874999996 0.321233075 0.44230769218750005 0.33275713125 0.446153846875 0.3442811875 0.46923076874999997 0.34860270781249997 0.489423078125 0.3442811875 0.49711538437499997 0.3399596671875 0.49230769218750003 0.326995103125
0 0.391346153125 0.36300777968750003 0.364423078125 0.3759723421875 0.375 0.394698934375 0.4240384609375 0.3932584265625 0.43269230781249995 0.3802938640625 0.426923078125 0.373091328125 0.4115384609375 0.3644482859375 0.391346153125 0.36300777968750003
0 0.333653846875 0.361567271875 0.351923078125 0.3644482859375 0.36826923125 0.3601267640625 0.385576921875 0.3471622 0.3865384609375 0.338519159375 0.38076923125 0.33275713125 0.3740384609375 0.33275713125 0.35961538437499996 0.33563814375 0.346153846875 0.338519159375 0.3384615390625 0.341400171875 0.32788461562500004 0.350043215625 0.333653846875 0.361567271875